Threshold fun:
0.10:
Accuracy score: 0.520
Normalized confusion matrix
 [[0.  0.  0.  0.  0.  0.  0.  0.  0.  0.  1. ]
 [0.  0.4 0.  0.  0.  0.  0.  0.  0.  0.  0.6]
 [0.  0.  0.  0.  0.  0.  0.  0.  0.  0.  1. ]
 [0.  0.  0.  0.  0.  0.  0.  0.  0.  0.  1. ]
 [0.  0.  0.  0.  0.  0.  0.  0.  0.  0.  1. ]
 [0.  0.  0.  0.  0.  0.  0.  0.  0.  0.  1. ]
 [0.  0.  0.  0.  0.  0.  0.  0.  0.  0.  1. ]
 [0.  0.  0.  0.  0.  0.  0.  0.  0.  0.  1. ]
 [0.  0.  0.  0.  0.  0.  0.  0.  0.  0.  1. ]
 [0.  0.  0.  0.  0.  0.  0.  0.  0.  0.  1. ]
 [0.  0.  0.  0.  0.  0.  0.  0.  0.  0.  1. ]]

0.20:
Accuracy score: 0.910
Normalized confusion matrix
 [[0.6 0.  0.  0.  0.  0.  0.  0.  0.  0.  0.4]
 [0.  1.  0.  0.  0.  0.  0.  0.  0.  0.  0. ]
 [0.  0.  0.8 0.  0.  0.  0.  0.  0.  0.  0.2]
 [0.  0.  0.  1.  0.  0.  0.  0.  0.  0.  0. ]
 [0.  0.  0.  0.  0.8 0.  0.  0.  0.  0.  0.2]
 [0.  0.  0.  0.  0.  1.  0.  0.  0.  0.  0. ]
 [0.  0.  0.  0.  0.  0.  0.4 0.  0.  0.  0.6]
 [0.  0.  0.  0.  0.  0.  0.  1.  0.  0.  0. ]
 [0.  0.  0.  0.  0.  0.  0.  0.  1.  0.  0. ]
 [0.  0.  0.  0.  0.  0.  0.  0.  0.  0.6 0.4]
 [0.  0.  0.  0.  0.  0.  0.  0.  0.  0.  1. ]]

0.45:
Accuracy score: 1.000
Normalized confusion matrix
 [[1. 0. 0. 0. 0. 0. 0. 0. 0. 0. 0.]
 [0. 1. 0. 0. 0. 0. 0. 0. 0. 0. 0.]
 [0. 0. 1. 0. 0. 0. 0. 0. 0. 0. 0.]
 [0. 0. 0. 1. 0. 0. 0. 0. 0. 0. 0.]
 [0. 0. 0. 0. 1. 0. 0. 0. 0. 0. 0.]
 [0. 0. 0. 0. 0. 1. 0. 0. 0. 0. 0.]
 [0. 0. 0. 0. 0. 0. 1. 0. 0. 0. 0.]
 [0. 0. 0. 0. 0. 0. 0. 1. 0. 0. 0.]
 [0. 0. 0. 0. 0. 0. 0. 0. 1. 0. 0.]
 [0. 0. 0. 0. 0. 0. 0. 0. 0. 1. 0.]
 [0. 0. 0. 0. 0. 0. 0. 0. 0. 0. 1.]]

0.50:
Accuracy score: 0.970
Normalized confusion matrix
 [[1.   0.   0.   0.   0.   0.   0.   0.   0.   0.   0.  ]
 [0.   1.   0.   0.   0.   0.   0.   0.   0.   0.   0.  ]
 [0.   0.   1.   0.   0.   0.   0.   0.   0.   0.   0.  ]
 [0.   0.   0.   1.   0.   0.   0.   0.   0.   0.   0.  ]
 [0.   0.   0.   0.   1.   0.   0.   0.   0.   0.   0.  ]
 [0.   0.   0.   0.   0.   1.   0.   0.   0.   0.   0.  ]
 [0.   0.   0.   0.   0.   0.   1.   0.   0.   0.   0.  ]
 [0.   0.   0.   0.   0.   0.   0.   1.   0.   0.   0.  ]
 [0.   0.   0.   0.   0.   0.   0.   0.   1.   0.   0.  ]
 [0.   0.   0.   0.   0.   0.   0.   0.   0.   1.   0.  ]
 [0.   0.   0.   0.   0.02 0.   0.02 0.   0.02 0.   0.94]]

0.55:
Accuracy score: 0.950
Normalized confusion matrix
 [[1.   0.   0.   0.   0.   0.   0.   0.   0.   0.   0.  ]
 [0.   1.   0.   0.   0.   0.   0.   0.   0.   0.   0.  ]
 [0.   0.   1.   0.   0.   0.   0.   0.   0.   0.   0.  ]
 [0.   0.   0.   1.   0.   0.   0.   0.   0.   0.   0.  ]
 [0.   0.   0.   0.   1.   0.   0.   0.   0.   0.   0.  ]
 [0.   0.   0.   0.   0.   1.   0.   0.   0.   0.   0.  ]
 [0.   0.   0.   0.   0.   0.   1.   0.   0.   0.   0.  ]
 [0.   0.   0.   0.   0.   0.   0.   1.   0.   0.   0.  ]
 [0.   0.   0.   0.   0.   0.   0.   0.   1.   0.   0.  ]
 [0.   0.   0.   0.   0.   0.   0.   0.   0.   1.   0.  ]
 [0.   0.   0.   0.   0.02 0.02 0.04 0.   0.02 0.   0.9 ]]

0.60:
Accuracy score: 0.830
Normalized confusion matrix
 [[1.   0.   0.   0.   0.   0.   0.   0.   0.   0.   0.  ]
 [0.   1.   0.   0.   0.   0.   0.   0.   0.   0.   0.  ]
 [0.   0.   1.   0.   0.   0.   0.   0.   0.   0.   0.  ]
 [0.   0.   0.   1.   0.   0.   0.   0.   0.   0.   0.  ]
 [0.   0.   0.   0.   1.   0.   0.   0.   0.   0.   0.  ]
 [0.   0.   0.   0.   0.   1.   0.   0.   0.   0.   0.  ]
 [0.   0.   0.   0.   0.   0.   1.   0.   0.   0.   0.  ]
 [0.   0.   0.   0.   0.   0.   0.   1.   0.   0.   0.  ]
 [0.   0.   0.   0.   0.   0.   0.   0.   1.   0.   0.  ]
 [0.   0.   0.   0.   0.   0.   0.   0.   0.   1.   0.  ]
 [0.   0.   0.02 0.04 0.08 0.02 0.06 0.04 0.04 0.04 0.66]]

0.75:
Accuracy score: 0.500
Normalized confusion matrix
 [[1.   0.   0.   0.   0.   0.   0.   0.   0.   0.   0.  ]
 [0.   1.   0.   0.   0.   0.   0.   0.   0.   0.   0.  ]
 [0.   0.   1.   0.   0.   0.   0.   0.   0.   0.   0.  ]
 [0.   0.   0.   1.   0.   0.   0.   0.   0.   0.   0.  ]
 [0.   0.   0.   0.   1.   0.   0.   0.   0.   0.   0.  ]
 [0.   0.   0.   0.   0.   1.   0.   0.   0.   0.   0.  ]
 [0.   0.   0.   0.   0.   0.   1.   0.   0.   0.   0.  ]
 [0.   0.   0.   0.   0.   0.   0.   1.   0.   0.   0.  ]
 [0.   0.   0.   0.   0.   0.   0.   0.   1.   0.   0.  ]
 [0.   0.   0.   0.   0.   0.   0.   0.   0.   1.   0.  ]
 [0.08 0.02 0.06 0.06 0.18 0.1  0.2  0.04 0.18 0.08 0.  ]]

1.00:
Accuracy score: 0.500
Normalized confusion matrix
 [[1.   0.   0.   0.   0.   0.   0.   0.   0.   0.   0.  ]
 [0.   1.   0.   0.   0.   0.   0.   0.   0.   0.   0.  ]
 [0.   0.   1.   0.   0.   0.   0.   0.   0.   0.   0.  ]
 [0.   0.   0.   1.   0.   0.   0.   0.   0.   0.   0.  ]
 [0.   0.   0.   0.   1.   0.   0.   0.   0.   0.   0.  ]
 [0.   0.   0.   0.   0.   1.   0.   0.   0.   0.   0.  ]
 [0.   0.   0.   0.   0.   0.   1.   0.   0.   0.   0.  ]
 [0.   0.   0.   0.   0.   0.   0.   1.   0.   0.   0.  ]
 [0.   0.   0.   0.   0.   0.   0.   0.   1.   0.   0.  ]
 [0.   0.   0.   0.   0.   0.   0.   0.   0.   1.   0.  ]
 [0.08 0.02 0.06 0.06 0.18 0.1  0.2  0.04 0.18 0.08 0.  ]]

Number of known people fun:
1:
Accuracy score: 0.550
Normalized confusion matrix
 [[1. 0. 0. 0. 0. 0. 0. 0. 0. 0. 0.]
 [0. 0. 0. 0. 0. 0. 0. 0. 0. 0. 1.]
 [0. 0. 0. 0. 0. 0. 0. 0. 0. 0. 1.]
 [0. 0. 0. 0. 0. 0. 0. 0. 0. 0. 1.]
 [0. 0. 0. 0. 0. 0. 0. 0. 0. 0. 1.]
 [0. 0. 0. 0. 0. 0. 0. 0. 0. 0. 1.]
 [0. 0. 0. 0. 0. 0. 0. 0. 0. 0. 1.]
 [0. 0. 0. 0. 0. 0. 0. 0. 0. 0. 1.]
 [0. 0. 0. 0. 0. 0. 0. 0. 0. 0. 1.]
 [0. 0. 0. 0. 0. 0. 0. 0. 0. 0. 1.]
 [0. 0. 0. 0. 0. 0. 0. 0. 0. 0. 1.]]

2:
Accuracy score: 0.600
Normalized confusion matrix
 [[1. 0. 0. 0. 0. 0. 0. 0. 0. 0. 0.]
 [0. 1. 0. 0. 0. 0. 0. 0. 0. 0. 0.]
 [0. 0. 0. 0. 0. 0. 0. 0. 0. 0. 1.]
 [0. 0. 0. 0. 0. 0. 0. 0. 0. 0. 1.]
 [0. 0. 0. 0. 0. 0. 0. 0. 0. 0. 1.]
 [0. 0. 0. 0. 0. 0. 0. 0. 0. 0. 1.]
 [0. 0. 0. 0. 0. 0. 0. 0. 0. 0. 1.]
 [0. 0. 0. 0. 0. 0. 0. 0. 0. 0. 1.]
 [0. 0. 0. 0. 0. 0. 0. 0. 0. 0. 1.]
 [0. 0. 0. 0. 0. 0. 0. 0. 0. 0. 1.]
 [0. 0. 0. 0. 0. 0. 0. 0. 0. 0. 1.]]

3:
Accuracy score: 0.650
Normalized confusion matrix
 [[1. 0. 0. 0. 0. 0. 0. 0. 0. 0. 0.]
 [0. 1. 0. 0. 0. 0. 0. 0. 0. 0. 0.]
 [0. 0. 1. 0. 0. 0. 0. 0. 0. 0. 0.]
 [0. 0. 0. 0. 0. 0. 0. 0. 0. 0. 1.]
 [0. 0. 0. 0. 0. 0. 0. 0. 0. 0. 1.]
 [0. 0. 0. 0. 0. 0. 0. 0. 0. 0. 1.]
 [0. 0. 0. 0. 0. 0. 0. 0. 0. 0. 1.]
 [0. 0. 0. 0. 0. 0. 0. 0. 0. 0. 1.]
 [0. 0. 0. 0. 0. 0. 0. 0. 0. 0. 1.]
 [0. 0. 0. 0. 0. 0. 0. 0. 0. 0. 1.]
 [0. 0. 0. 0. 0. 0. 0. 0. 0. 0. 1.]]

4:
Accuracy score: 0.700
Normalized confusion matrix
 [[1. 0. 0. 0. 0. 0. 0. 0. 0. 0. 0.]
 [0. 1. 0. 0. 0. 0. 0. 0. 0. 0. 0.]
 [0. 0. 1. 0. 0. 0. 0. 0. 0. 0. 0.]
 [0. 0. 0. 1. 0. 0. 0. 0. 0. 0. 0.]
 [0. 0. 0. 0. 0. 0. 0. 0. 0. 0. 1.]
 [0. 0. 0. 0. 0. 0. 0. 0. 0. 0. 1.]
 [0. 0. 0. 0. 0. 0. 0. 0. 0. 0. 1.]
 [0. 0. 0. 0. 0. 0. 0. 0. 0. 0. 1.]
 [0. 0. 0. 0. 0. 0. 0. 0. 0. 0. 1.]
 [0. 0. 0. 0. 0. 0. 0. 0. 0. 0. 1.]
 [0. 0. 0. 0. 0. 0. 0. 0. 0. 0. 1.]]

5:
Accuracy score: 0.750
Normalized confusion matrix
 [[1. 0. 0. 0. 0. 0. 0. 0. 0. 0. 0.]
 [0. 1. 0. 0. 0. 0. 0. 0. 0. 0. 0.]
 [0. 0. 1. 0. 0. 0. 0. 0. 0. 0. 0.]
 [0. 0. 0. 1. 0. 0. 0. 0. 0. 0. 0.]
 [0. 0. 0. 0. 1. 0. 0. 0. 0. 0. 0.]
 [0. 0. 0. 0. 0. 0. 0. 0. 0. 0. 1.]
 [0. 0. 0. 0. 0. 0. 0. 0. 0. 0. 1.]
 [0. 0. 0. 0. 0. 0. 0. 0. 0. 0. 1.]
 [0. 0. 0. 0. 0. 0. 0. 0. 0. 0. 1.]
 [0. 0. 0. 0. 0. 0. 0. 0. 0. 0. 1.]
 [0. 0. 0. 0. 0. 0. 0. 0. 0. 0. 1.]]

6:
Accuracy score: 0.800
Normalized confusion matrix
 [[1. 0. 0. 0. 0. 0. 0. 0. 0. 0. 0.]
 [0. 1. 0. 0. 0. 0. 0. 0. 0. 0. 0.]
 [0. 0. 1. 0. 0. 0. 0. 0. 0. 0. 0.]
 [0. 0. 0. 1. 0. 0. 0. 0. 0. 0. 0.]
 [0. 0. 0. 0. 1. 0. 0. 0. 0. 0. 0.]
 [0. 0. 0. 0. 0. 1. 0. 0. 0. 0. 0.]
 [0. 0. 0. 0. 0. 0. 0. 0. 0. 0. 1.]
 [0. 0. 0. 0. 0. 0. 0. 0. 0. 0. 1.]
 [0. 0. 0. 0. 0. 0. 0. 0. 0. 0. 1.]
 [0. 0. 0. 0. 0. 0. 0. 0. 0. 0. 1.]
 [0. 0. 0. 0. 0. 0. 0. 0. 0. 0. 1.]]

7:
Accuracy score: 0.850
Normalized confusion matrix
 [[1. 0. 0. 0. 0. 0. 0. 0. 0. 0. 0.]
 [0. 1. 0. 0. 0. 0. 0. 0. 0. 0. 0.]
 [0. 0. 1. 0. 0. 0. 0. 0. 0. 0. 0.]
 [0. 0. 0. 1. 0. 0. 0. 0. 0. 0. 0.]
 [0. 0. 0. 0. 1. 0. 0. 0. 0. 0. 0.]
 [0. 0. 0. 0. 0. 1. 0. 0. 0. 0. 0.]
 [0. 0. 0. 0. 0. 0. 1. 0. 0. 0. 0.]
 [0. 0. 0. 0. 0. 0. 0. 0. 0. 0. 1.]
 [0. 0. 0. 0. 0. 0. 0. 0. 0. 0. 1.]
 [0. 0. 0. 0. 0. 0. 0. 0. 0. 0. 1.]
 [0. 0. 0. 0. 0. 0. 0. 0. 0. 0. 1.]]

8:
Accuracy score: 0.900
Normalized confusion matrix
 [[1. 0. 0. 0. 0. 0. 0. 0. 0. 0. 0.]
 [0. 1. 0. 0. 0. 0. 0. 0. 0. 0. 0.]
 [0. 0. 1. 0. 0. 0. 0. 0. 0. 0. 0.]
 [0. 0. 0. 1. 0. 0. 0. 0. 0. 0. 0.]
 [0. 0. 0. 0. 1. 0. 0. 0. 0. 0. 0.]
 [0. 0. 0. 0. 0. 1. 0. 0. 0. 0. 0.]
 [0. 0. 0. 0. 0. 0. 1. 0. 0. 0. 0.]
 [0. 0. 0. 0. 0. 0. 0. 1. 0. 0. 0.]
 [0. 0. 0. 0. 0. 0. 0. 0. 0. 0. 1.]
 [0. 0. 0. 0. 0. 0. 0. 0. 0. 0. 1.]
 [0. 0. 0. 0. 0. 0. 0. 0. 0. 0. 1.]]

9:
Accuracy score: 0.950
Normalized confusion matrix
 [[1. 0. 0. 0. 0. 0. 0. 0. 0. 0. 0.]
 [0. 1. 0. 0. 0. 0. 0. 0. 0. 0. 0.]
 [0. 0. 1. 0. 0. 0. 0. 0. 0. 0. 0.]
 [0. 0. 0. 1. 0. 0. 0. 0. 0. 0. 0.]
 [0. 0. 0. 0. 1. 0. 0. 0. 0. 0. 0.]
 [0. 0. 0. 0. 0. 1. 0. 0. 0. 0. 0.]
 [0. 0. 0. 0. 0. 0. 1. 0. 0. 0. 0.]
 [0. 0. 0. 0. 0. 0. 0. 1. 0. 0. 0.]
 [0. 0. 0. 0. 0. 0. 0. 0. 1. 0. 0.]
 [0. 0. 0. 0. 0. 0. 0. 0. 0. 0. 1.]
 [0. 0. 0. 0. 0. 0. 0. 0. 0. 0. 1.]]

10:
Accuracy score: 1.000
Normalized confusion matrix
 [[1. 0. 0. 0. 0. 0. 0. 0. 0. 0. 0.]
 [0. 1. 0. 0. 0. 0. 0. 0. 0. 0. 0.]
 [0. 0. 1. 0. 0. 0. 0. 0. 0. 0. 0.]
 [0. 0. 0. 1. 0. 0. 0. 0. 0. 0. 0.]
 [0. 0. 0. 0. 1. 0. 0. 0. 0. 0. 0.]
 [0. 0. 0. 0. 0. 1. 0. 0. 0. 0. 0.]
 [0. 0. 0. 0. 0. 0. 1. 0. 0. 0. 0.]
 [0. 0. 0. 0. 0. 0. 0. 1. 0. 0. 0.]
 [0. 0. 0. 0. 0. 0. 0. 0. 1. 0. 0.]
 [0. 0. 0. 0. 0. 0. 0. 0. 0. 1. 0.]
 [0. 0. 0. 0. 0. 0. 0. 0. 0. 0. 1.]]

Number_of_training_images_per_person fun:
1:
Accuracy score: 0.970
Normalized confusion matrix
 [[0.8 0.  0.  0.  0.  0.  0.  0.  0.  0.  0.2]
 [0.  1.  0.  0.  0.  0.  0.  0.  0.  0.  0. ]
 [0.  0.  0.6 0.  0.  0.  0.  0.  0.  0.  0.4]
 [0.  0.  0.  1.  0.  0.  0.  0.  0.  0.  0. ]
 [0.  0.  0.  0.  1.  0.  0.  0.  0.  0.  0. ]
 [0.  0.  0.  0.  0.  1.  0.  0.  0.  0.  0. ]
 [0.  0.  0.  0.  0.  0.  1.  0.  0.  0.  0. ]
 [0.  0.  0.  0.  0.  0.  0.  1.  0.  0.  0. ]
 [0.  0.  0.  0.  0.  0.  0.  0.  1.  0.  0. ]
 [0.  0.  0.  0.  0.  0.  0.  0.  0.  1.  0. ]
 [0.  0.  0.  0.  0.  0.  0.  0.  0.  0.  1. ]]

2:
Accuracy score: 0.980
Normalized confusion matrix
 [[1.  0.  0.  0.  0.  0.  0.  0.  0.  0.  0. ]
 [0.  1.  0.  0.  0.  0.  0.  0.  0.  0.  0. ]
 [0.  0.  0.6 0.  0.  0.  0.  0.  0.  0.  0.4]
 [0.  0.  0.  1.  0.  0.  0.  0.  0.  0.  0. ]
 [0.  0.  0.  0.  1.  0.  0.  0.  0.  0.  0. ]
 [0.  0.  0.  0.  0.  1.  0.  0.  0.  0.  0. ]
 [0.  0.  0.  0.  0.  0.  1.  0.  0.  0.  0. ]
 [0.  0.  0.  0.  0.  0.  0.  1.  0.  0.  0. ]
 [0.  0.  0.  0.  0.  0.  0.  0.  1.  0.  0. ]
 [0.  0.  0.  0.  0.  0.  0.  0.  0.  1.  0. ]
 [0.  0.  0.  0.  0.  0.  0.  0.  0.  0.  1. ]]

3:
Accuracy score: 0.980
Normalized confusion matrix
 [[1.  0.  0.  0.  0.  0.  0.  0.  0.  0.  0. ]
 [0.  1.  0.  0.  0.  0.  0.  0.  0.  0.  0. ]
 [0.  0.  0.6 0.  0.  0.  0.  0.  0.  0.  0.4]
 [0.  0.  0.  1.  0.  0.  0.  0.  0.  0.  0. ]
 [0.  0.  0.  0.  1.  0.  0.  0.  0.  0.  0. ]
 [0.  0.  0.  0.  0.  1.  0.  0.  0.  0.  0. ]
 [0.  0.  0.  0.  0.  0.  1.  0.  0.  0.  0. ]
 [0.  0.  0.  0.  0.  0.  0.  1.  0.  0.  0. ]
 [0.  0.  0.  0.  0.  0.  0.  0.  1.  0.  0. ]
 [0.  0.  0.  0.  0.  0.  0.  0.  0.  1.  0. ]
 [0.  0.  0.  0.  0.  0.  0.  0.  0.  0.  1. ]]

4:
Accuracy score: 0.980
Normalized confusion matrix
 [[1.  0.  0.  0.  0.  0.  0.  0.  0.  0.  0. ]
 [0.  1.  0.  0.  0.  0.  0.  0.  0.  0.  0. ]
 [0.  0.  0.6 0.  0.  0.  0.  0.  0.  0.  0.4]
 [0.  0.  0.  1.  0.  0.  0.  0.  0.  0.  0. ]
 [0.  0.  0.  0.  1.  0.  0.  0.  0.  0.  0. ]
 [0.  0.  0.  0.  0.  1.  0.  0.  0.  0.  0. ]
 [0.  0.  0.  0.  0.  0.  1.  0.  0.  0.  0. ]
 [0.  0.  0.  0.  0.  0.  0.  1.  0.  0.  0. ]
 [0.  0.  0.  0.  0.  0.  0.  0.  1.  0.  0. ]
 [0.  0.  0.  0.  0.  0.  0.  0.  0.  1.  0. ]
 [0.  0.  0.  0.  0.  0.  0.  0.  0.  0.  1. ]]

5:
Accuracy score: 0.990
Normalized confusion matrix
 [[1.  0.  0.  0.  0.  0.  0.  0.  0.  0.  0. ]
 [0.  1.  0.  0.  0.  0.  0.  0.  0.  0.  0. ]
 [0.  0.  0.8 0.  0.  0.  0.  0.  0.  0.  0.2]
 [0.  0.  0.  1.  0.  0.  0.  0.  0.  0.  0. ]
 [0.  0.  0.  0.  1.  0.  0.  0.  0.  0.  0. ]
 [0.  0.  0.  0.  0.  1.  0.  0.  0.  0.  0. ]
 [0.  0.  0.  0.  0.  0.  1.  0.  0.  0.  0. ]
 [0.  0.  0.  0.  0.  0.  0.  1.  0.  0.  0. ]
 [0.  0.  0.  0.  0.  0.  0.  0.  1.  0.  0. ]
 [0.  0.  0.  0.  0.  0.  0.  0.  0.  1.  0. ]
 [0.  0.  0.  0.  0.  0.  0.  0.  0.  0.  1. ]]

6:
Accuracy score: 0.990
Normalized confusion matrix
 [[1.  0.  0.  0.  0.  0.  0.  0.  0.  0.  0. ]
 [0.  1.  0.  0.  0.  0.  0.  0.  0.  0.  0. ]
 [0.  0.  0.8 0.  0.  0.  0.  0.  0.  0.  0.2]
 [0.  0.  0.  1.  0.  0.  0.  0.  0.  0.  0. ]
 [0.  0.  0.  0.  1.  0.  0.  0.  0.  0.  0. ]
 [0.  0.  0.  0.  0.  1.  0.  0.  0.  0.  0. ]
 [0.  0.  0.  0.  0.  0.  1.  0.  0.  0.  0. ]
 [0.  0.  0.  0.  0.  0.  0.  1.  0.  0.  0. ]
 [0.  0.  0.  0.  0.  0.  0.  0.  1.  0.  0. ]
 [0.  0.  0.  0.  0.  0.  0.  0.  0.  1.  0. ]
 [0.  0.  0.  0.  0.  0.  0.  0.  0.  0.  1. ]]

7:
Accuracy score: 0.990
Normalized confusion matrix
 [[1.  0.  0.  0.  0.  0.  0.  0.  0.  0.  0. ]
 [0.  1.  0.  0.  0.  0.  0.  0.  0.  0.  0. ]
 [0.  0.  0.8 0.  0.  0.  0.  0.  0.  0.  0.2]
 [0.  0.  0.  1.  0.  0.  0.  0.  0.  0.  0. ]
 [0.  0.  0.  0.  1.  0.  0.  0.  0.  0.  0. ]
 [0.  0.  0.  0.  0.  1.  0.  0.  0.  0.  0. ]
 [0.  0.  0.  0.  0.  0.  1.  0.  0.  0.  0. ]
 [0.  0.  0.  0.  0.  0.  0.  1.  0.  0.  0. ]
 [0.  0.  0.  0.  0.  0.  0.  0.  1.  0.  0. ]
 [0.  0.  0.  0.  0.  0.  0.  0.  0.  1.  0. ]
 [0.  0.  0.  0.  0.  0.  0.  0.  0.  0.  1. ]]

8:
Accuracy score: 0.990
Normalized confusion matrix
 [[1.  0.  0.  0.  0.  0.  0.  0.  0.  0.  0. ]
 [0.  1.  0.  0.  0.  0.  0.  0.  0.  0.  0. ]
 [0.  0.  0.8 0.  0.  0.  0.  0.  0.  0.  0.2]
 [0.  0.  0.  1.  0.  0.  0.  0.  0.  0.  0. ]
 [0.  0.  0.  0.  1.  0.  0.  0.  0.  0.  0. ]
 [0.  0.  0.  0.  0.  1.  0.  0.  0.  0.  0. ]
 [0.  0.  0.  0.  0.  0.  1.  0.  0.  0.  0. ]
 [0.  0.  0.  0.  0.  0.  0.  1.  0.  0.  0. ]
 [0.  0.  0.  0.  0.  0.  0.  0.  1.  0.  0. ]
 [0.  0.  0.  0.  0.  0.  0.  0.  0.  1.  0. ]
 [0.  0.  0.  0.  0.  0.  0.  0.  0.  0.  1. ]]

9:
Accuracy score: 1.000
Normalized confusion matrix
 [[1. 0. 0. 0. 0. 0. 0. 0. 0. 0. 0.]
 [0. 1. 0. 0. 0. 0. 0. 0. 0. 0. 0.]
 [0. 0. 1. 0. 0. 0. 0. 0. 0. 0. 0.]
 [0. 0. 0. 1. 0. 0. 0. 0. 0. 0. 0.]
 [0. 0. 0. 0. 1. 0. 0. 0. 0. 0. 0.]
 [0. 0. 0. 0. 0. 1. 0. 0. 0. 0. 0.]
 [0. 0. 0. 0. 0. 0. 1. 0. 0. 0. 0.]
 [0. 0. 0. 0. 0. 0. 0. 1. 0. 0. 0.]
 [0. 0. 0. 0. 0. 0. 0. 0. 1. 0. 0.]
 [0. 0. 0. 0. 0. 0. 0. 0. 0. 1. 0.]
 [0. 0. 0. 0. 0. 0. 0. 0. 0. 0. 1.]]

10:
Accuracy score: 1.000
Normalized confusion matrix
 [[1. 0. 0. 0. 0. 0. 0. 0. 0. 0. 0.]
 [0. 1. 0. 0. 0. 0. 0. 0. 0. 0. 0.]
 [0. 0. 1. 0. 0. 0. 0. 0. 0. 0. 0.]
 [0. 0. 0. 1. 0. 0. 0. 0. 0. 0. 0.]
 [0. 0. 0. 0. 1. 0. 0. 0. 0. 0. 0.]
 [0. 0. 0. 0. 0. 1. 0. 0. 0. 0. 0.]
 [0. 0. 0. 0. 0. 0. 1. 0. 0. 0. 0.]
 [0. 0. 0. 0. 0. 0. 0. 1. 0. 0. 0.]
 [0. 0. 0. 0. 0. 0. 0. 0. 1. 0. 0.]
 [0. 0. 0. 0. 0. 0. 0. 0. 0. 1. 0.]
 [0. 0. 0. 0. 0. 0. 0. 0. 0. 0. 1.]]